> effectiveSize(postburn$N_shifts)
    var1 
604.5757 
> effectiveSize(postburn$logLik)
    var1 
472.1729

> shift_probs
   shifts     prob
1       0 0.006230
2       1 0.036900
3       2 0.082600
4       3 0.131000
5       4 0.142000
6       5 0.139000
7       6 0.118000
8       7 0.100000
9       8 0.077000
10      9 0.062100
11     10 0.040700
12     11 0.026500
13     12 0.015300
14     13 0.008230
15     14 0.006820
16     15 0.004120
17     16 0.002000
18     17 0.000706
19     18 0.000353
20     19 0.000471
21     20 0.000235


> bfmat
           0         1         2          3          4          5          6          7
0   1.000000 0.1377688 0.0536200 0.02684033 0.01983187 0.01703928 0.01611598 0.01503594
1   7.258537 1.0000000 0.3892028 0.19482152 0.14395037 0.12368021 0.11697845 0.10913889
2  18.649756 2.5693548 1.0000000 0.50056561 0.36985958 0.31777835 0.30055914 0.28041654
3  37.257366 5.1329032 1.9977401 1.00000000 0.73888332 0.63483856 0.60043905 0.56019938
4  50.423883 6.9468387 2.7037288 1.35339367 1.00000000 0.85918649 0.81263041 0.75817029
5  58.687938 8.0853677 3.1468475 1.57520362 1.16389168 1.00000000 0.94581377 0.88242809
6  62.050204 8.5485832 3.3271322 1.66544796 1.23057172 1.05729059 1.00000000 0.93298292
7  66.507331 9.1626364 3.5661234 1.78507873 1.31896489 1.13323681 1.07183099 1.00000000
8  62.609530 8.6256409 3.3571233 1.68046045 1.24166419 1.06682110 1.00901408 0.94139290
9  61.665668 8.4956061 3.3065134 1.65512688 1.22294564 1.05073837 0.99380282 0.92720105
10 50.137963 6.9074479 2.6883978 1.34571949 0.99432968 0.85431462 0.80802254 0.75387122
11 39.143856 5.3928027 2.0988937 1.05063401 0.77629594 0.66698298 0.63084169 0.58856452
12 26.748301 3.6850818 1.4342440 0.71793324 0.53046889 0.45577170 0.43107515 0.40218576
13 16.962337 2.3368812 0.9095206 0.45527474 0.33639491 0.28902596 0.27336473 0.25504463
14 17.849598 2.4591180 0.9570955 0.47908911 0.35399095 0.30414424 0.28766381 0.26838542
15 12.776554 1.7602108 0.6850789 0.34292694 0.25338300 0.21770325 0.20590673 0.19210746
16  7.665933 1.0561265 0.4110473 0.20575616 0.15202980 0.13062195 0.12354404 0.11526448
17  3.246748 0.4473006 0.1740906 0.08714379 0.06438909 0.05532224 0.05232453 0.04881790
18  1.948049 0.2683804 0.1044544 0.05228627 0.03863345 0.03319334 0.03139472 0.02929074
19  3.116878 0.4294086 0.1671270 0.08365804 0.06181353 0.05310935 0.05023155 0.04686518
20  1.870127 0.2576452 0.1002762 0.05019482 0.03708812 0.03186561 0.03013893 0.02811911
            8          9         10         11         12         13         14         15
0  0.01597201 0.01621648 0.01994497 0.02554679 0.03738555 0.05895414 0.05602367 0.07826836
1  0.11593341 0.11770791 0.14477127 0.18543234 0.27136439 0.42792078 0.40664986 0.56811377
2  0.29787408 0.30243338 0.37196876 0.47644147 0.69723142 1.09948031 1.04482778 1.45968587
3  0.59507500 0.60418329 0.74309692 0.95180624 1.39288717 2.19647593 2.08729438 2.91607302
4  0.80537073 0.81769784 1.00570266 1.28816853 1.88512468 2.97269661 2.82493098 3.94659476
5  0.93736429 0.95171170 1.17052895 1.49928863 2.19408092 3.45989683 3.28791366 4.59340878
6  0.99106644 1.00623583 1.23758925 1.58518376 2.31978111 3.65811636 3.47628017 4.85656788
7  1.06225572 1.07851474 1.32648650 1.69904907 2.48641327 3.92088247 3.72598480 5.20541994
8  1.00000000 1.01530612 1.24874498 1.59947274 2.34069181 3.69109093 3.50761565 4.90034539
9  0.98492462 1.00000000 1.22991968 1.57536008 2.30540500 3.63544634 3.45473702 4.82647084
10 0.80080402 0.81306122 1.00000000 1.28086420 1.87443541 2.95584046 2.80891271 3.92421629
11 0.62520603 0.63477551 0.78072289 1.00000000 1.46341463 2.30769231 2.19298246 3.06372549
12 0.42722412 0.43376327 0.53349398 0.68333333 1.00000000 1.57692308 1.49853801 2.09354575
13 0.27092261 0.27506939 0.33831325 0.43333333 0.63414634 1.00000000 0.95029240 1.32761438
14 0.28509395 0.28945763 0.35600964 0.45600000 0.66731707 1.05230769 1.00000000 1.39705882
15 0.20406725 0.20719073 0.25482795 0.32640000 0.47765854 0.75323077 0.71578947 1.00000000
16 0.12244035 0.12431444 0.15289677 0.19584000 0.28659512 0.45193846 0.42947368 0.60000000
17 0.05185709 0.05265082 0.06475628 0.08294400 0.12138146 0.19140923 0.18189474 0.25411765
18 0.03111425 0.03159049 0.03885377 0.04976640 0.07282888 0.11484554 0.10913684 0.15247059
19 0.04978281 0.05054479 0.06216603 0.07962624 0.11652620 0.18375286 0.17461895 0.24395294
20 0.02986968 0.03032687 0.03729962 0.04777574 0.06991572 0.11025172 0.10477137 0.14637176
          16         17         18         19         20
0  0.1304473  0.3080005  0.5133342  0.3208339  0.5347231
1  0.9468563  2.2356329  3.7260548  2.3287843  3.8813071
2  2.4328098  5.7441342  9.5735570  5.9834732  9.9724553
3  4.8601217 11.4752874 19.1254789 11.9534243 19.9223739
4  6.5776579 15.5305812 25.8843020 16.1776888 26.9628146
5  7.6556813 18.0759142 30.1265237 18.8290773 31.3817955
6  8.0942798 19.1114940 31.8524900 19.9078062 33.1796770
7  8.6756999 20.4842914 34.1404857 21.3378036 35.5630060
8  8.1672423 19.2837666 32.1396110 20.0872569 33.4787615
9  8.0441181 18.9930565 31.6550942 19.7844339 32.9740565
10 6.5403605 15.4425178 25.7375297 16.0859561 26.8099268
11 5.1062092 12.0563272 20.0938786 12.5586741 20.9311235
12 3.4892429  8.2384902 13.7308170  8.5817607 14.3029344
13 2.2126906  5.2244084  8.7073474  5.4420921  9.0701535
14 2.3284314  5.4976852  9.1628086  5.7267554  9.5445923
15 1.6666667  3.9351852  6.5586420  4.0991512  6.8319187
16 1.0000000  2.3611111  3.9351852  2.4594907  4.0991512
17 0.4235294  1.0000000  1.6666667  1.0416667  1.7361111
18 0.2541176  0.6000000  1.0000000  0.6250000  1.0416667
19 0.4065882  0.9600000  1.6000000  1.0000000  1.6666667
20 0.2439529  0.5760000  0.9600000  0.6000000  1.0000000



> css

 95 % credible set of rate shift configurations sampled with BAMM

Distinct shift configurations in credible set:  2678

Frequency of 9 shift configurations with highest posterior probability:


   rank     probability cumulative  Core_shifts
         1 0.04293613 0.04293613          2
         2 0.03411363 0.07704976          1
         3 0.02905541 0.10610516          3
         4 0.02846724 0.13457240          4
         5 0.02623221 0.16080461          3
         6 0.01635102 0.17715563          5
         7 0.01611575 0.19327138          3
         8 0.01470415 0.20797553          2
         9 0.01388072 0.22185625          2

...omitted 2669 additional distinct shift configurations
from the credible set. You can access the full set from your 
credibleshiftset object


> best$eventData
[[1]]
  node     time       lam1          lam2       mu1 mu2 index
1  158  0.00000 0.51053379  0.0130806578 0.5540933   0     1
2  310 21.29897 0.08383202 -0.0023720587 0.1038776   0     2
3  152 30.04805 0.09514357 -0.0009853954 0.2001006   0     3


